$ sbt
$ compile
$ console

25
import origami._
val s = CLI.load(new java.io.File("../../problems/25.dat"))

val ns = CLI.solveWithHint(s, List((-1, 2), (0, 3), (1, 5), (2, 29), (0, 32),
(0, 2), (-2, 16), (1, 3), (2, 5), (3, 29), (5, 32), (-2, 9),
(5, 2), (6, 3), (7, 5),   (-2, 2), (8, 29), (9, 32), (-2, 3),
(10, 2), (11, 3), (12, 5), (-2, 1), (13, 29), (15, 32), (-2, 1),
(15, 2), (16, 3), (17, 5), (-2, 2), (18, 29), (19, 32), (-2, 3),
(20, 2), (21, 3), (22, 5), (-2, 1), (23, 29), (25, 32), (-2, 1),
(25, 2), (26, 3), (27, 5), (-2, 2), (28, 29), (29, 32), (-2, 3),
(30, 2), (31, 3), (32, 5), (-2, 1), (33, 29), (35, 32), (-2, 1)
))


49, 25, 35, 94
CLI.thumb(s)

import origami._
val s = CLI.load(new java.io.File("../../problems/49.dat"))

CLI.solveWithHint(s, List((-1, 9), (0, 10), (1, 6), (0, 8), (-2, 9), (0, 7), (2, 0)))
